Version 0.9.7
5
 4 10 175 77 128 0 1
 5 80 400 206 81 2 2
 0 262 135 877 276 8 3
 1 477 473 206 81 140 4
 3 470 57 203 58 150 5
 0
19
 255 5 71 189 71 189 219 189 219 149 315 149 315 149 0 1 0 3
 255 5 1082 149 1082 149 1116 149 1116 396 1082 396 1082 396 0 3 0 3
 255 5 536 201 536 201 536 201 536 149 536 149 536 149 0 3 0 3
 0 5 341 383 341 383 341 542 341 542 492 542 492 542 0 3 0 4
 0 5 71 249 71 249 244 249 244 162 315 162 315 162 0 1 0 3
 0 5 614 383 614 383 614 383 614 344 614 344 614 344 0 3 0 3
 0 5 1082 162 1082 162 1082 162 1082 383 1082 383 1082 383 0 3 0 3
 255 5 492 484 492 484 367 484 367 484 367 396 367 396 0 4 0 3
 65535 5 533 484 533 484 536 484 536 484 536 344 536 344 0 4 0 3
 65408 5 552 484 552 484 549 484 549 484 549 344 549 344 0 4 0 3
 8421504 5 562 305 562 305 540 305 540 101 536 101 536 101 0 3 0 5
 65535 5 536 331 536 331 518 331 518 101 516 101 516 101 0 3 0 5
 65408 5 549 331 549 331 549 331 575 331 575 331 575 331 0 3 0 3
 16776960 5 571 484 571 484 574 484 574 344 588 344 588 344 0 4 0 3
 8421504 5 601 305 601 305 556 305 556 305 556 101 556 101 0 3 0 5
 16776960 5 588 331 588 331 590 331 590 240 588 240 588 240 0 3 0 3
 8388863 5 590 484 590 484 600 484 600 240 601 240 601 240 0 4 0 3
 8421504 5 614 240 614 240 578 240 578 101 576 101 576 101 0 3 0 5
 0 5 481 94 481 94 481 162 481 162 484 162 484 162 0 5 0 3
1
 7086 1 14 530 253 5 0 0 12224 3
