Version 0.9.7
5
 4 10 175 77 128 0 1
 5 80 400 206 81 2 2
 0 273 115 877 276 8 3
 1 531 418 206 81 140 4
 3 530 38 203 58 150 5
 0
60
 255 5 71 189 71 189 207 189 207 129 326 129 326 129 0 1 0 3
 255 5 1093 129 1093 129 1120 129 1120 376 1093 376 1093 376 0 3 0 3
 255 5 546 429 546 429 546 376 546 376 547 376 547 376 0 4 0 3
 0 5 71 288 71 288 212 288 212 363 326 363 326 363 0 1 0 3
 0 5 1093 363 1093 363 1093 363 1093 142 1093 142 1093 142 0 3 0 3
 0 5 541 75 541 75 541 142 541 142 547 142 547 142 0 5 0 3
 0 5 546 487 546 487 516 487 516 363 521 363 521 363 0 4 0 3
 255 5 339 129 339 129 339 129 339 181 339 181 339 181 0 3 0 3
 255 5 443 181 443 181 443 181 443 129 443 129 443 129 0 3 0 3
 255 5 560 181 560 181 560 181 560 129 560 129 560 129 0 3 0 3
 255 5 664 181 664 181 664 181 664 181 664 129 664 129 0 3 0 3
 255 5 781 181 781 181 781 181 781 129 781 129 781 129 0 3 0 3
 255 5 885 181 885 181 885 181 885 129 885 129 885 129 0 3 0 3
 0 5 417 363 417 363 417 363 417 324 417 324 417 324 0 3 0 3
 0 5 508 363 508 363 522 363 522 324 521 324 521 324 0 3 0 3
 0 5 638 324 638 324 638 324 638 363 638 363 638 363 0 3 0 3
 0 5 742 324 742 324 742 324 742 363 742 363 742 363 0 3 0 3
 0 5 963 324 963 324 963 324 963 363 963 363 963 363 0 3 0 3
 0 5 859 363 859 363 859 363 859 324 859 324 859 324 0 3 0 3
 8454143 5 587 429 587 429 587 429 560 429 560 324 560 324 0 4 0 3
 8454016 5 606 429 606 429 606 371 781 371 781 324 781 324 0 4 0 3
 12615935 5 644 429 644 429 644 381 794 381 794 324 794 324 0 4 0 3
 32896 5 807 285 807 285 807 334 573 334 573 324 573 324 0 3 0 3
 16777215 5 586 324 586 324 586 324 599 324 599 324 599 324 0 3 0 3
 8454016 5 781 311 781 311 781 311 820 311 820 311 820 311 0 3 0 3
 16777088 5 625 429 625 429 625 344 833 344 833 324 833 324 0 4 0 3
 4227200 5 846 285 846 285 846 349 612 349 612 324 612 324 0 3 0 3
 16777215 5 625 285 625 256 568 256 568 82 576 82 576 82 0 3 0 5
 8454016 5 606 442 606 442 581 442 581 220 573 220 573 220 0 4 0 3
 8454143 5 560 311 560 304 451 304 451 220 456 220 456 220 0 3 0 3
 8421504 5 352 285 352 285 352 277 443 277 443 285 443 285 0 3 0 3
 16777088 5 625 442 625 442 625 397 339 397 339 324 339 324 0 4 0 3
 12615935 5 644 442 644 442 644 409 365 409 365 324 365 324 0 4 0 3
 8421504 5 378 285 378 285 378 291 456 291 456 285 456 285 0 3 0 3
 4227200 5 469 220 469 220 469 213 586 213 586 220 586 220 0 3 0 3
 16777215 5 599 220 599 220 593 220 593 82 596 82 596 82 0 3 0 5
 8454016 5 573 207 573 207 573 199 612 199 612 207 612 207 0 3 0 3
 16777088 5 833 285 833 285 833 267 789 267 789 220 794 220 0 3 0 3
 12615935 5 794 285 794 285 801 285 801 220 807 220 807 220 0 3 0 3
 32896 5 820 220 823 220 823 211 625 211 625 220 625 220 0 3 0 3
 16777215 5 638 181 638 181 620 181 620 82 616 82 616 82 0 3 0 5
 8454016 5 820 285 820 285 825 285 825 220 833 220 833 220 0 3 0 3
 8421504 5 352 298 352 298 352 225 846 225 846 220 846 220 0 3 0 3
 4227200 5 859 220 859 220 859 200 677 200 677 194 677 194 0 3 0 3
 8454016 5 573 194 573 194 573 200 352 200 352 207 352 207 0 3 0 3
 8421504 5 365 220 359 220 359 186 894 186 894 220 898 220 0 3 0 3
 16777088 5 794 181 794 181 794 173 911 173 911 181 911 181 0 3 0 3
 4227200 5 924 181 924 181 924 168 690 168 690 181 690 181 0 3 0 3
 4227200 5 703 181 703 181 703 181 716 181 716 181 716 181 0 3 0 3
 16777088 5 911 194 911 194 911 188 937 188 937 194 937 194 0 3 0 3
 8421504 5 456 298 456 277 873 277 873 220 950 220 950 220 0 3 0 3
 4227200 5 963 207 963 207 963 207 729 207 729 207 729 207 0 3 0 3
 16777215 5 742 181 742 181 742 159 636 159 636 82 636 82 0 3 0 5
 4227200 5 716 220 716 220 716 220 716 285 716 285 716 285 0 3 0 3
 8454143 5 560 285 560 285 560 338 391 338 391 324 391 324 0 3 0 3
 8421504 5 404 311 404 311 404 316 469 316 469 324 469 324 0 3 0 3
 8421504 5 365 207 365 207 482 207 482 207 482 311 482 311 0 3 0 3
 12615935 5 365 298 365 298 365 298 495 298 495 298 495 298 0 3 0 3
 4227200 5 508 298 508 298 508 298 703 298 703 298 703 298 0 3 0 3
 16777215 5 729 285 729 291 655 291 655 82 656 82 656 82 0 3 0 5
6
 7004 1 14 333 233 5 0 0 12132 3
 7011 1 14 437 233 5 0 0 12132 3
 7008 1 14 879 233 5 0 0 12132 3
 7008 1 14 775 233 5 0 0 12132 3
 7032 1 14 554 233 5 0 0 12132 3
 7032 1 14 658 233 5 0 0 12132 3
