Version 0.9.7
5
 4 10 175 77 128 0 1
 5 80 400 206 81 2 2
 0 204 116 877 276 8 3
 1 446 422 206 81 140 4
 3 709 441 203 58 150 5
 0
72
 255 5 71 189 71 189 143 189 143 129 257 129 257 130 0 1 0 3
 255 5 1024 130 1024 130 1081 130 1081 377 1024 377 1024 377 0 3 0 3
 0 5 71 249 71 249 175 249 175 143 257 143 257 143 0 1 0 3
 0 5 1024 143 1024 143 1074 143 1074 364 1024 364 1024 364 0 3 0 3
 0 5 720 478 720 478 720 364 720 364 725 364 725 364 0 5 0 3
 0 5 387 364 387 364 387 491 387 491 461 491 461 491 0 3 0 4
 255 5 461 433 461 433 400 433 400 433 400 377 400 377 0 4 0 3
 255 5 348 182 348 182 348 182 348 130 348 130 348 130 0 3 0 3
 255 5 452 182 452 182 452 182 452 130 452 130 452 130 0 3 0 3
 255 5 595 130 595 130 595 130 595 182 595 182 595 182 0 3 0 3
 255 5 712 182 712 182 712 182 712 130 712 130 712 130 0 3 0 3
 255 5 959 182 959 182 959 182 959 130 959 130 959 130 0 3 0 3
 0 5 322 325 322 325 322 325 322 364 322 364 322 364 0 3 0 3
 0 5 426 325 426 325 426 325 426 364 426 364 426 364 0 3 0 3
 0 5 530 325 530 325 530 325 530 364 530 364 530 364 0 3 0 3
 0 5 673 325 673 325 673 325 673 364 673 364 673 364 0 3 0 3
 0 5 790 325 790 325 790 325 790 364 790 364 790 364 0 3 0 3
 0 5 933 325 933 325 933 325 933 364 933 364 933 364 0 3 0 3
 0 5 1037 325 1037 325 1037 356 1011 356 1011 364 1011 364 0 3 0 3
 255 5 244 182 244 182 244 135 270 135 270 130 270 130 0 3 0 3
 255 5 855 182 855 182 855 182 855 130 855 130 855 130 0 3 0 3
 16777215 5 559 433 559 433 559 333 855 333 855 325 855 325 0 4 0 3
 7368816 5 635 433 635 433 635 338 868 338 868 325 868 325 0 4 0 3
 33023 5 881 286 881 266 1092 266 1092 502 835 502 835 485 0 3 0 5
 16777215 5 559 446 559 446 559 334 244 334 244 325 244 325 0 4 0 3
 7368816 5 635 446 635 446 635 338 257 338 257 325 257 325 0 4 0 3
 8388736 5 270 286 270 286 270 244 868 244 868 221 868 221 0 3 0 3
 65280 5 540 433 541 433 541 343 894 343 894 325 894 325 0 4 0 3
 32768 5 616 433 616 433 616 348 907 348 907 325 907 325 0 4 0 3
 4210816 5 920 286 920 286 921 286 921 253 881 253 881 221 0 3 0 3
 33023 5 894 221 894 240 1099 240 1099 511 815 511 815 485 0 3 0 5
 32768 5 616 446 616 446 616 343 283 343 283 325 283 325 0 4 0 3
 8388736 5 270 299 270 299 270 299 296 299 296 299 296 299 0 3 0 3
 4210816 5 309 286 309 286 309 267 595 267 595 286 595 286 0 3 0 3
 65280 5 540 446 541 446 541 241 257 241 257 221 257 221 0 4 0 3
 8388736 5 270 312 270 312 270 312 270 221 270 221 270 221 0 3 0 3
 4210816 5 283 221 283 221 283 247 608 247 608 286 608 286 0 3 0 3
 4210816 5 621 286 621 286 621 286 634 286 634 286 634 286 0 3 0 3
 65280 5 257 208 257 208 257 215 296 215 296 221 296 221 0 3 0 3
 32768 5 283 286 283 286 283 254 309 254 309 221 309 221 0 3 0 3
 4210816 5 322 221 322 221 322 256 647 256 647 286 647 286 0 3 0 3
 8388736 5 660 286 660 286 660 251 907 251 907 221 907 221 0 3 0 3
 16776960 5 521 433 521 433 521 333 959 333 959 325 959 325 0 4 0 3
 16711680 5 597 433 597 433 597 339 972 339 972 325 972 325 0 4 0 3
 4210816 5 985 286 985 286 985 254 920 254 920 221 920 221 0 3 0 3
 33023 5 933 221 933 244 1107 244 1107 521 795 521 795 485 0 3 0 5
 8388736 5 660 299 660 299 660 263 348 263 348 286 348 286 0 3 0 3
 16711680 5 597 446 597 338 589 338 589 260 361 260 361 286 0 4 0 3
 4210816 5 374 286 374 286 374 257 608 257 608 221 608 221 0 3 0 3
 8388736 5 348 299 348 299 348 305 387 305 387 299 387 299 0 3 0 3
 16776960 5 400 286 400 255 548 255 548 333 521 333 521 446 0 3 0 4
 4210816 5 413 286 413 286 413 248 621 248 621 221 621 221 0 3 0 3
 16776960 5 400 299 400 299 400 250 361 250 361 221 361 221 0 3 0 3
 16711680 5 361 299 361 299 361 251 374 251 374 221 374 221 0 3 0 3
 4210816 5 387 221 387 221 387 247 660 247 660 221 660 221 0 3 0 3
 4210816 5 634 221 634 221 634 221 647 221 647 221 647 221 0 3 0 3
 16711935 5 502 433 502 433 502 348 998 348 998 325 998 325 0 4 0 3
 8388863 5 578 433 578 433 578 342 1011 342 1011 325 1011 325 0 4 0 3
 4210816 5 1024 286 1024 286 1024 255 972 255 972 221 972 221 0 3 0 3
 8388736 5 673 221 673 221 673 247 985 247 985 221 985 221 0 3 0 3
 33023 5 998 221 998 239 1115 239 1115 530 775 530 775 485 0 3 0 5
 8388736 5 673 208 673 208 673 242 478 242 478 221 478 221 0 3 0 3
 4210816 5 491 221 491 221 491 246 725 246 725 221 725 221 0 3 0 3
 16711935 5 502 446 502 349 562 349 562 244 504 244 504 221 0 4 0 3
 8388736 5 478 208 478 208 478 201 517 201 517 208 517 208 0 3 0 3
 4210816 5 530 221 530 221 530 251 738 251 738 221 738 221 0 3 0 3
 4210816 5 751 221 751 221 751 221 764 221 764 221 764 221 0 3 0 3
 8388863 5 578 446 578 446 578 248 465 248 465 221 465 221 0 4 0 3
 8388863 5 465 208 465 208 460 208 460 286 452 286 452 286 0 3 0 3
 16711935 5 504 208 504 208 497 208 497 253 465 253 465 286 0 3 0 3
 4210816 5 478 286 478 286 478 256 777 256 777 221 777 221 0 3 0 3
 8388736 5 755 485 755 539 1122 539 1122 249 790 249 790 221 0 5 0 3
7
 7086 1 14 953 234 5 0 0 12888 3
 7086 1 14 849 234 5 0 0 12888 3
 7008 1 14 238 234 5 0 0 12888 3
 7008 1 14 342 234 5 0 0 12888 3
 7008 1 14 446 234 5 0 0 12888 3
 7032 1 14 589 234 5 0 0 12888 3
 7032 1 14 706 234 5 0 0 12888 3
