Version 0.9.7
5
 4 10 175 77 128 0 1
 5 80 400 206 81 2 2
 0 205 109 877 276 8 3
 1 388 441 206 81 140 4
 3 720 461 203 58 150 5
 0
15
 255 5 71 189 71 189 147 189 147 123 258 123 258 123 0 1 0 3
 255 5 1025 123 1025 123 1044 123 1044 370 1025 370 1025 370 0 3 0 3
 255 5 403 452 403 452 403 370 403 370 401 370 401 370 0 4 0 3
 255 5 570 175 570 175 570 175 570 123 570 123 570 123 0 3 0 3
 0 5 71 249 71 249 175 249 175 136 258 136 258 136 0 1 0 3
 0 5 1025 136 1025 136 1034 136 1034 357 1025 357 1025 357 0 3 0 3
 0 5 648 318 648 318 648 318 648 357 648 357 648 357 0 3 0 3
 0 5 403 510 403 510 375 510 375 510 375 357 375 357 0 4 0 3
 0 5 731 498 731 498 726 498 726 498 726 357 726 357 0 5 0 3
 65535 5 444 452 444 452 444 325 570 325 570 318 570 318 0 4 0 3
 4227327 5 583 279 583 279 710 279 710 533 766 533 766 505 0 3 0 5
 65280 5 463 452 463 452 463 335 596 335 596 318 596 318 0 4 0 3
 32768 5 609 292 609 292 689 292 689 549 786 549 786 505 0 3 0 5
 16776960 5 482 452 482 452 481 452 481 351 622 351 622 318 0 4 0 3
 16711680 5 635 305 663 305 663 566 806 566 806 505 806 505 0 3 0 5
1
 7004 1 14 564 227 5 0 0 10052 3
