Version 0.9.7
7
 4 28 427 77 128 0 1
 5 179 341 206 81 2 2
 0 462 342 877 276 8 3
 6 -1 38 449 130 140 5
 0 462 13 877 276 173 6
 2 180 421 206 81 305 7
 1 180 502 206 81 315 8
 1
120
 255 5 15 65 15 65 15 27 15 27 515 27 515 27 0 5 0 6
 255 5 89 480 89 480 114 480 114 603 515 603 515 603 0 1 0 3
 255 5 89 441 89 441 115 441 115 352 194 352 194 352 0 1 0 2
 255 5 89 454 89 454 89 432 89 432 195 432 195 432 0 1 0 7
 255 5 1282 274 1282 274 1341 274 1341 27 1282 27 1282 27 0 6 0 6
 0 5 89 501 89 501 130 501 130 410 194 410 194 410 0 1 0 2
 0 5 89 514 89 514 89 514 89 490 195 490 195 490 0 1 0 7
 0 5 89 540 89 540 129 540 129 590 515 590 515 590 0 1 0 3
 255 5 1282 356 1282 356 1340 356 1340 603 1282 603 1282 603 0 3 0 3
 255 5 1269 356 1269 356 1268 356 1268 274 1269 274 1269 274 0 3 0 6
 0 5 1282 590 1282 590 1331 590 1331 369 1282 369 1282 369 0 3 0 3
 0 5 1282 261 1282 261 1328 261 1328 40 1282 40 1282 40 0 6 0 6
 0 5 1269 261 1269 261 1275 261 1275 369 1269 369 1269 369 0 6 0 3
 255 5 528 27 528 27 528 57 489 57 489 79 489 79 0 6 0 6
 255 5 658 222 658 222 658 222 658 274 658 274 658 274 0 6 0 6
 255 5 723 79 723 79 723 79 723 27 723 27 723 27 0 6 0 6
 255 5 827 79 827 79 827 79 827 27 827 27 827 27 0 6 0 6
 255 5 944 79 944 79 944 79 944 27 944 27 944 27 0 6 0 6
 255 5 1113 222 1113 222 1113 222 1113 274 1113 274 1113 274 0 6 0 6
 255 5 515 356 515 356 515 356 489 356 489 408 489 408 0 3 0 3
 255 5 658 551 658 551 658 551 658 603 658 603 658 603 0 3 0 3
 255 5 723 408 723 408 723 408 723 356 723 356 723 356 0 3 0 3
 255 5 827 408 827 408 827 408 827 356 827 356 827 356 0 3 0 3
 255 5 944 408 944 408 944 408 944 356 944 356 944 356 0 3 0 3
 255 5 1113 551 1113 551 1113 551 1113 603 1113 603 1113 603 0 3 0 3
 65793 5 580 222 580 222 580 222 580 261 580 261 580 261 0 6 0 6
 65793 5 658 79 658 79 658 79 658 40 658 40 658 40 0 6 0 6
 65793 5 801 222 801 222 801 222 801 261 801 261 801 261 0 6 0 6
 65793 5 905 222 905 222 905 222 905 261 905 261 905 261 0 6 0 6
 65793 5 1035 222 1035 222 1035 222 1035 261 1035 261 1035 261 0 6 0 6
 65793 5 1113 79 1113 79 1113 79 1113 40 1113 40 1113 40 0 6 0 6
 65793 5 580 551 580 551 580 551 580 590 580 590 580 590 0 3 0 3
 65793 5 658 408 658 408 658 408 658 369 658 369 658 369 0 3 0 3
 65793 5 801 551 801 551 801 551 801 590 801 590 801 590 0 3 0 3
 65793 5 905 551 905 551 905 551 905 590 905 590 905 590 0 3 0 3
 65793 5 1035 551 1035 551 1035 551 1035 590 1035 590 1035 590 0 3 0 3
 65793 5 1113 408 1113 408 1113 408 1113 369 1113 369 1113 369 0 3 0 3
 65793 5 684 590 684 590 684 590 684 551 684 551 684 551 0 3 0 3
 65793 5 684 525 684 525 684 525 671 525 671 525 671 525 0 3 0 3
 65793 5 1139 551 1139 551 1139 551 1139 590 1139 590 1139 590 0 3 0 3
 65793 5 1139 525 1139 525 1139 525 1126 525 1126 525 1126 525 0 3 0 3
 65793 5 1139 222 1139 222 1139 222 1139 261 1139 261 1139 261 0 6 0 6
 65793 5 1126 196 1126 196 1126 196 1139 196 1139 196 1139 196 0 6 0 6
 65793 5 684 222 684 222 684 222 684 261 684 261 684 261 0 6 0 6
 65793 5 671 196 671 196 671 196 684 196 684 196 684 196 0 6 0 6
 16777215 5 1074 525 1074 525 1074 525 1087 525 1087 525 1087 525 0 3 0 3
 16777215 5 369 445 437 445 437 472 879 472 879 512 879 512 0 7 0 3
 16777215 5 879 551 879 551 879 559 1074 559 1074 551 1074 551 0 3 0 3
 8421504 5 1087 447 1087 447 1087 479 1061 479 1061 512 1061 512 0 3 0 3
 8421504 5 1087 118 1087 118 1087 151 1061 151 1061 183 1061 183 0 6 0 6
 8421504 5 632 118 632 118 632 152 606 152 606 183 606 183 0 6 0 6
 65408 5 1087 434 1087 434 1087 468 1022 468 1022 512 1022 512 0 3 0 3
 65408 5 1126 447 1126 447 1126 474 944 474 944 512 944 512 0 3 0 3
 65408 5 1139 447 1139 447 1139 482 957 482 957 512 957 512 0 3 0 3
 65408 5 1100 447 1100 447 1100 487 1009 487 1009 512 1009 512 0 3 0 3
 65408 5 983 408 983 408 983 334 348 334 348 161 348 161 0 3 0 5
 65408 5 996 408 996 408 996 334 361 334 361 161 361 161 0 3 0 5
 65408 5 1009 408 1009 408 1009 338 374 338 374 161 374 161 0 3 0 5
 65408 5 387 161 387 161 387 331 1022 331 1022 408 1022 408 0 5 0 3
 65408 5 1035 408 1035 408 1035 329 400 329 400 161 400 161 0 3 0 5
 65408 5 957 408 957 408 957 336 413 336 413 161 413 161 0 3 0 5
 65408 5 970 408 970 408 970 332 426 332 426 161 426 161 0 3 0 5
 16744448 5 1100 434 1100 434 1100 478 606 478 606 447 606 447 0 3 0 3
 8421504 5 632 447 632 447 632 480 606 480 606 512 606 512 0 3 0 3
 32768 5 632 434 632 434 632 491 567 491 567 512 567 512 0 3 0 3
 32768 5 671 447 671 447 671 487 489 487 489 512 489 512 0 3 0 3
 32768 5 684 447 684 447 684 481 502 481 502 512 502 512 0 3 0 3
 32768 5 645 447 645 447 645 486 554 486 554 512 554 512 0 3 0 3
 32768 5 528 408 528 408 528 323 244 323 244 161 244 161 0 3 0 5
 32768 5 541 408 541 408 541 319 257 319 257 161 257 161 0 3 0 5
 32768 5 554 408 554 408 554 318 270 318 270 161 270 161 0 3 0 5
 32768 5 567 408 567 408 567 324 283 324 283 161 283 161 0 3 0 5
 32768 5 580 408 580 408 580 320 296 320 296 161 296 161 0 3 0 5
 32768 5 502 408 502 408 502 325 309 325 309 161 309 161 0 3 0 5
 32768 5 515 408 515 408 515 329 322 329 322 161 322 161 0 3 0 5
 15790320 5 671 434 671 434 671 427 736 427 736 434 736 434 0 3 0 3
 15790320 5 684 434 684 434 684 434 749 434 749 434 749 434 0 3 0 3
 15790320 5 762 447 762 447 762 484 866 484 866 512 866 512 0 3 0 3
 15790320 5 892 525 892 525 892 532 632 532 632 525 632 525 0 3 0 3
 15790320 5 632 512 632 512 632 512 619 512 619 512 619 512 0 3 0 3
 8388863 5 1087 105 1087 105 1087 138 1022 138 1022 183 1022 183 0 6 0 6
 8388863 5 1126 118 1126 118 1126 141 944 141 944 183 944 183 0 6 0 6
 8388863 5 1139 118 1139 118 1139 146 957 146 957 183 957 183 0 6 0 6
 8388863 5 1100 118 1100 118 1100 152 1009 152 1009 183 1009 183 0 6 0 6
 8388863 5 983 118 924 118 924 294 140 294 140 161 140 161 0 6 0 5
 8388863 5 957 118 931 118 931 291 205 291 205 161 205 161 0 6 0 5
 8388863 5 970 118 928 118 928 294 218 294 218 161 218 161 0 6 0 5
 8388863 5 996 118 931 118 931 298 153 298 153 161 153 161 0 6 0 5
 8388863 5 1009 118 926 118 926 291 166 291 166 161 166 161 0 6 0 5
 8388863 5 1022 118 939 118 939 298 179 298 179 161 179 161 0 6 0 5
 8388863 5 1035 118 934 118 934 294 192 294 192 161 192 161 0 6 0 5
 16777215 5 1087 512 1087 512 1087 481 1050 481 1050 222 1074 222 0 3 0 6
 16777215 5 1074 196 1074 196 1074 196 1087 196 1087 196 1087 196 0 6 0 6
 12615680 5 762 408 762 408 762 315 1049 315 1049 118 1061 118 0 3 0 6
 12615680 5 1100 105 1100 105 1100 140 606 140 606 118 606 118 0 6 0 6
 16777215 5 1074 183 1074 183 1074 161 879 161 879 183 879 183 0 6 0 6
 16777215 5 892 222 892 222 892 229 632 229 632 222 632 222 0 6 0 6
 16777215 5 632 196 632 196 632 196 619 196 619 196 619 196 0 6 0 6
 16711808 5 632 105 632 105 632 148 567 148 567 183 567 183 0 6 0 6
 16711808 5 671 118 671 118 671 155 489 155 489 183 489 183 0 6 0 6
 16711808 5 684 118 684 118 684 161 502 161 502 183 502 183 0 6 0 6
 16711808 5 645 118 645 118 645 146 554 146 554 183 554 183 0 6 0 6
 16711808 5 502 118 595 118 595 303 101 303 101 161 101 161 0 6 0 5
 16711808 5 515 118 588 118 588 308 114 308 114 161 114 161 0 6 0 5
 16711808 5 528 118 590 118 590 313 36 313 36 161 36 161 0 6 0 5
 16711808 5 541 118 592 118 592 308 49 308 49 161 49 161 0 6 0 5
 16711808 5 554 118 591 118 591 307 62 307 62 161 62 161 0 6 0 5
 16711808 5 567 118 590 118 590 302 75 302 75 161 75 161 0 6 0 5
 16711808 5 580 118 580 118 580 312 88 312 88 161 88 161 0 6 0 5
 16777215 5 671 105 671 105 671 99 736 99 736 105 736 105 0 6 0 6
 16777215 5 684 105 684 105 684 110 749 110 749 105 749 105 0 6 0 6
 16777215 5 762 118 762 118 762 153 866 153 866 183 866 183 0 6 0 6
 255 5 89 467 89 467 149 467 149 513 195 513 195 513 0 1 0 8
 0 5 89 527 89 527 153 527 153 571 195 571 195 571 0 1 0 8
 255 5 1191 408 1191 408 1191 408 1191 356 1191 356 1191 356 0 3 0 3
 0 5 1269 590 1269 590 1269 590 1269 551 1269 551 1269 551 0 3 0 3
 16776960 5 238 378 238 378 775 378 775 378 775 408 775 408 0 2 0 3
 16776960 5 801 447 801 447 801 471 1061 471 1061 447 1061 447 0 3 0 3
 8421504 5 369 513 435 513 435 488 1191 488 1191 512 1191 512 0 8 0 3
 8421504 5 1204 512 1204 512 1204 474 788 474 788 447 788 447 0 3 0 3
13
 7008 1 14 717 460 5 0 0 9756 3
 7032 1 14 821 460 5 0 0 9756 3
 7008 1 14 717 131 5 0 0 9756 6
 7032 1 14 821 131 5 0 0 9756 6
 7090 1 14 600 460 5 0 0 9756 3
 7047 1 16 483 460 5 0 0 9756 3
 7090 1 14 1055 460 5 0 0 9756 3
 7047 1 16 938 460 5 0 0 9756 3
 7047 1 16 483 131 5 0 0 9756 6
 7090 1 14 600 131 5 0 0 9756 6
 7090 1 14 1055 131 5 0 0 9756 6
 7047 1 16 938 131 5 0 0 9756 6
 7004 1 14 1185 460 5 0 0 8364 3
