Version 0.9.7
6
 4 133 272 77 128 0 1
 5 824 497 206 81 2 2
 0 259 192 877 276 8 3
 2 580 497 206 81 140 4
 1 349 497 206 81 150 5
 6 448 21 449 130 160 6
 1
72
 0 5 194 385 194 385 194 442 312 442 312 440 312 440 0 1 0 3
 0 5 364 566 364 566 350 566 350 440 351 440 351 440 0 5 0 3
 0 5 364 440 364 440 364 440 364 401 364 401 364 401 0 3 0 3
 0 5 468 440 468 440 468 440 468 401 468 401 468 401 0 3 0 3
 0 5 572 401 572 401 572 401 572 440 572 440 572 440 0 3 0 3
 0 5 754 401 754 401 754 401 754 440 754 440 754 440 0 3 0 3
 0 5 1079 440 1079 440 1127 440 1127 219 1079 219 1079 219 0 3 0 3
 0 5 832 258 832 258 832 258 832 219 832 219 832 219 0 3 0 3
 0 5 975 401 975 401 975 401 975 440 975 440 975 440 0 3 0 3
 0 5 1053 258 1053 258 1053 258 1053 219 1053 219 1053 219 0 3 0 3
 0 5 839 566 839 566 827 566 827 440 832 440 832 440 0 2 0 3
 0 5 595 566 595 566 595 566 585 566 585 440 585 440 0 4 0 3
 255 5 194 286 194 286 194 205 312 205 312 206 312 206 0 1 0 3
 255 5 464 48 464 48 464 206 464 206 468 206 468 206 0 6 0 3
 255 5 286 258 286 258 286 214 325 214 325 206 325 206 0 3 0 3
 255 5 390 258 390 258 390 258 390 206 390 206 390 206 0 3 0 3
 255 5 494 258 494 258 494 258 494 206 494 206 494 206 0 3 0 3
 255 5 663 258 663 258 663 258 663 206 663 206 663 206 0 3 0 3
 255 5 1079 206 1079 206 1137 206 1137 453 1079 453 1079 453 0 3 0 3
 255 5 1053 401 1053 401 1053 401 1053 453 1053 453 1053 453 0 3 0 3
 255 5 884 258 884 258 884 258 884 206 884 206 884 206 0 3 0 3
 255 5 832 401 832 401 832 401 832 453 832 453 832 453 0 3 0 3
 255 5 839 508 839 508 839 453 839 453 845 453 845 453 0 2 0 3
 255 5 595 508 595 508 595 453 595 453 598 453 598 453 0 4 0 3
 255 5 364 508 364 508 364 508 364 453 364 453 364 453 0 5 0 3
 8421504 5 806 297 806 297 806 331 780 331 780 362 780 362 0 3 0 3
 8421504 5 1027 297 1027 297 1027 329 1001 329 1001 362 1001 362 0 3 0 3
 0 5 845 375 845 375 845 375 858 375 858 375 858 375 0 3 0 3
 0 5 858 401 858 401 858 401 858 440 858 440 858 440 0 3 0 3
 0 5 1066 375 1066 375 1066 375 1079 375 1079 375 1079 375 0 3 0 3
 0 5 1066 401 1066 401 1066 401 1066 440 1066 440 1066 440 0 3 0 3
 16711935 5 897 258 897 258 897 189 862 189 862 144 862 144 0 3 0 6
 16711935 5 910 258 910 258 910 184 875 184 875 144 875 144 0 3 0 6
 16711935 5 923 258 923 258 923 180 797 180 797 144 797 144 0 3 0 6
 16711935 5 936 258 936 258 936 176 810 176 810 144 810 144 0 3 0 6
 16711935 5 949 258 949 258 949 172 823 172 823 144 823 144 0 3 0 6
 16711935 5 962 258 962 258 962 168 836 168 836 144 836 144 0 3 0 6
 16711935 5 975 258 975 258 975 164 849 164 849 144 849 144 0 3 0 6
 16711935 5 1027 284 1027 284 1027 333 962 333 962 362 962 362 0 3 0 3
 16711935 5 1066 297 1066 297 1066 330 884 330 884 362 884 362 0 3 0 3
 16711935 5 1079 297 1079 297 1079 331 897 331 897 362 897 362 0 3 0 3
 16711935 5 1040 297 1040 297 1040 336 949 336 949 362 949 362 0 3 0 3
 16777215 5 1014 388 1014 388 1014 388 1027 388 1027 388 1027 388 0 3 0 3
 16777215 5 636 508 636 508 636 411 547 411 547 401 546 401 0 4 0 3
 16711808 5 702 258 702 258 702 189 693 189 693 144 693 144 0 3 0 6
 16711808 5 715 258 715 258 715 189 706 189 706 144 706 144 0 3 0 6
 16711808 5 728 258 728 258 727 258 727 189 719 189 719 144 0 3 0 6
 16711808 5 741 258 741 258 741 189 732 189 732 144 732 144 0 3 0 6
 16711808 5 754 258 754 258 754 189 745 189 745 144 745 144 0 3 0 6
 16711808 5 676 258 676 258 676 165 758 165 758 144 758 144 0 3 0 6
 16711808 5 689 258 689 258 689 175 771 175 771 144 771 144 0 3 0 6
 16711808 5 806 284 806 284 806 332 741 332 741 362 741 362 0 3 0 3
 16711808 5 845 297 845 297 845 326 663 326 663 362 663 362 0 3 0 3
 16711808 5 858 297 858 297 858 334 676 334 676 362 676 362 0 3 0 3
 16711808 5 819 297 819 297 819 330 728 330 728 362 728 362 0 3 0 3
 16777215 5 793 388 793 388 793 388 806 388 806 388 806 388 0 3 0 3
 16776960 5 405 508 405 508 405 422 338 422 338 401 338 401 0 5 0 3
 16776960 5 351 362 351 362 351 342 429 342 429 362 429 362 0 3 0 3
 16776960 5 455 362 455 362 455 332 1001 332 1001 297 1001 297 0 3 0 3
 16777215 5 806 271 806 271 806 318 442 318 442 297 442 297 0 3 0 3
 16777215 5 845 284 845 284 845 322 455 322 455 297 455 297 0 3 0 3
 16777215 5 468 297 468 297 468 335 533 335 533 362 533 362 0 3 0 3
 16777215 5 1079 284 1079 284 1079 326 416 326 416 297 416 297 0 3 0 3
 16777215 5 429 297 429 297 429 336 494 336 494 362 494 362 0 3 0 3
 16777215 5 546 388 546 388 546 388 507 388 507 388 507 388 0 3 0 3
 16777215 5 520 362 520 362 520 343 1014 343 1014 362 1014 362 0 3 0 3
 16777215 5 455 284 455 284 455 284 403 284 403 284 403 284 0 3 0 3
 16776960 5 1040 284 1040 284 1040 314 780 314 780 297 780 297 0 3 0 3
 16777215 5 520 375 520 375 520 375 520 297 520 297 520 297 0 3 0 3
 16777215 5 559 362 559 362 559 324 507 324 507 297 507 297 0 3 0 3
 16777215 5 533 297 533 297 533 338 793 338 793 362 793 362 0 3 0 3
 16776960 5 883 508 883 508 883 424 442 424 442 401 442 401 0 2 0 3
7
 7004 1 14 280 310 5 0 0 7224 3
 7032 1 14 488 310 5 0 0 7224 3
 7008 1 14 384 310 5 0 0 7224 3
 7090 1 14 774 310 5 0 0 7224 3
 7090 1 14 995 310 5 0 0 7224 3
 7047 1 16 657 310 5 0 0 7224 3
 7047 1 16 878 310 5 0 0 7224 3
