Version 0.9.7
5
 4 10 175 77 128 0 1
 5 715 466 206 81 2 2
 0 242 138 877 276 8 3
 3 575 47 203 58 140 4
 1 417 464 206 81 149 5
 1
48
 255 5 71 189 71 189 179 189 179 152 295 152 295 152 0 1 0 3
 255 5 1062 152 1062 152 1121 152 1121 399 1062 399 1062 399 0 3 0 3
 65793 5 71 249 71 249 209 249 209 165 295 165 295 165 0 1 0 3
 65793 5 1062 165 1062 165 1112 165 1112 386 1062 386 1062 386 0 3 0 3
 65793 5 730 535 730 535 711 535 711 535 711 386 711 386 0 2 0 3
 65793 5 432 533 432 533 407 533 407 386 412 386 412 386 0 5 0 3
 255 5 432 475 432 475 432 399 432 399 438 399 438 399 0 5 0 3
 255 5 730 477 730 477 730 399 730 399 737 399 737 399 0 2 0 3
 0 5 586 84 586 84 586 165 586 165 594 165 594 165 0 4 0 3
 0 5 581 165 581 165 581 165 581 204 581 204 581 204 0 3 0 3
 0 5 477 204 477 204 477 204 477 165 477 165 477 165 0 3 0 3
 0 5 763 204 763 204 763 204 763 165 763 165 763 165 0 3 0 3
 0 5 867 204 867 204 867 204 867 165 867 165 867 165 0 3 0 3
 255 5 477 347 477 347 477 347 477 399 477 399 477 399 0 3 0 3
 255 5 581 347 581 347 581 347 581 399 581 399 581 399 0 3 0 3
 255 5 763 347 763 347 763 347 763 399 763 399 763 399 0 3 0 3
 255 5 867 347 867 347 867 347 867 399 867 399 867 399 0 3 0 3
 16777215 5 606 475 606 475 606 347 606 347 607 347 607 347 0 5 0 3
 16777215 5 555 347 555 347 555 341 503 341 503 347 503 347 0 3 0 3
 16777215 5 503 334 503 334 503 339 451 339 451 334 451 334 0 3 0 3
 16777215 5 607 334 607 334 607 340 737 340 737 334 737 334 0 3 0 3
 16777215 5 607 321 607 321 607 340 555 340 555 334 555 334 0 3 0 3
 16777215 5 737 347 737 347 737 341 789 341 789 347 789 347 0 3 0 3
 16777215 5 789 334 789 334 789 339 841 339 841 334 841 334 0 3 0 3
 16777215 5 841 347 841 347 841 340 893 340 893 347 893 347 0 3 0 3
 7368816 5 888 477 888 477 888 347 888 347 880 347 880 347 0 2 0 3
 7368816 5 880 334 880 334 880 327 828 327 828 334 828 334 0 3 0 3
 7368816 5 828 321 828 321 828 326 776 326 776 334 776 334 0 3 0 3
 7368816 5 776 321 776 321 776 326 724 326 724 334 724 334 0 3 0 3
 7368816 5 724 321 724 321 724 326 594 326 594 334 594 334 0 3 0 3
 7368816 5 594 321 594 321 594 327 542 327 542 334 542 334 0 3 0 3
 7368816 5 542 321 542 321 542 326 490 326 490 334 490 334 0 3 0 3
 7368816 5 490 321 490 321 490 327 438 327 438 334 438 334 0 3 0 3
 7368816 5 724 308 724 308 708 308 708 134 761 134 761 91 0 3 0 4
 16744703 5 473 475 473 439 635 439 635 274 438 274 438 243 0 5 0 3
 16744703 5 464 204 464 204 464 181 621 181 621 91 621 91 0 3 0 4
 16711935 5 503 204 503 204 503 186 641 186 641 91 641 91 0 3 0 4
 16711935 5 464 243 464 243 464 270 516 270 516 308 516 308 0 3 0 3
 8388863 5 503 243 503 243 503 243 542 243 542 243 542 243 0 3 0 3
 8388863 5 568 204 568 204 568 191 661 191 661 91 661 91 0 3 0 4
 16711808 5 568 243 568 243 568 270 620 270 620 308 620 308 0 3 0 3
 16711808 5 607 204 607 204 607 196 681 196 681 91 681 91 0 3 0 4
 8388672 5 607 243 607 243 607 243 724 243 724 243 724 243 0 3 0 3
 8388672 5 750 204 750 204 750 180 701 180 701 91 701 91 0 3 0 4
 4194368 5 750 243 750 243 750 276 802 276 802 308 802 308 0 3 0 3
 4194368 5 789 204 789 204 789 186 721 186 721 91 721 91 0 3 0 4
 8388736 5 789 243 789 243 789 243 789 243 828 243 828 243 0 3 0 3
 8388736 5 854 204 854 204 854 192 741 192 741 91 741 91 0 3 0 4
4
 7073 1 14 536 256 5 0 0 6556 3
 7073 1 14 718 256 5 0 0 6556 3
 7073 1 14 432 256 5 0 0 6556 3
 7073 1 14 822 256 5 0 0 6556 3
