Version 0.9.7
8
 4 55 256 77 128 0 1
 5 80 400 206 81 2 2
 0 257 181 877 276 8 3
 6 442 21 449 130 140 4
 1 143 506 206 81 173 5
 1 393 506 206 81 183 6
 1 756 507 206 81 193 7
 1 1004 506 206 81 203 8
 0
87
 255 5 116 270 116 270 197 270 197 208 310 208 310 208 0 1 0 3
 255 5 458 48 458 48 453 48 453 48 453 208 453 208 0 4 0 3
 0 5 518 144 518 144 518 144 518 195 518 195 518 195 0 4 0 3
 0 5 531 144 531 144 531 144 531 195 531 195 531 195 0 4 0 3
 0 5 544 144 544 144 544 144 544 195 544 195 544 195 0 4 0 3
 0 5 635 144 635 144 635 144 635 195 635 195 635 195 0 4 0 3
 0 5 648 144 648 144 648 144 648 195 648 195 648 195 0 4 0 3
 0 5 583 144 583 144 583 144 583 195 583 195 583 195 0 4 0 3
 0 5 596 144 596 144 596 144 596 195 596 195 596 195 0 4 0 3
 0 5 687 144 687 144 687 144 687 195 687 195 687 195 0 4 0 3
 0 5 726 144 726 144 726 144 726 195 726 195 726 195 0 4 0 3
 0 5 739 144 739 144 739 144 739 195 739 195 739 195 0 4 0 3
 0 5 817 144 817 144 817 144 817 195 817 195 817 195 0 4 0 3
 0 5 843 144 843 144 843 144 843 195 843 195 843 195 0 4 0 3
 0 5 869 144 869 144 869 144 869 195 869 195 869 195 0 4 0 3
 0 5 752 195 752 195 752 195 752 144 752 144 752 144 0 3 0 4
 255 5 323 208 323 208 323 229 284 229 284 247 284 247 0 3 0 3
 255 5 1077 208 1077 208 1118 208 1118 442 1077 442 1077 442 0 3 0 3
 255 5 158 517 158 517 158 442 158 442 310 442 310 442 0 5 0 3
 255 5 408 517 408 517 408 442 408 442 414 442 414 442 0 6 0 3
 255 5 771 518 771 518 771 442 771 442 765 442 765 442 0 7 0 3
 255 5 1019 517 1019 517 1019 442 1019 442 1012 442 1012 442 0 8 0 3
 255 5 388 247 388 247 388 247 388 208 388 208 388 208 0 3 0 3
 255 5 570 247 570 247 570 247 570 208 570 208 570 208 0 3 0 3
 255 5 726 247 726 247 726 247 726 208 726 208 726 208 0 3 0 3
 255 5 921 247 921 247 921 247 921 208 921 208 921 208 0 3 0 3
 65793 5 116 369 116 369 202 369 202 429 310 429 310 429 0 1 0 3
 65793 5 1077 429 1077 429 1127 429 1127 195 1077 195 1077 195 0 3 0 3
 65793 5 375 390 375 390 375 390 375 429 375 429 375 429 0 3 0 3
 65793 5 466 390 466 390 466 390 466 429 466 429 466 429 0 3 0 3
 65793 5 648 390 648 390 648 390 648 429 648 429 648 429 0 3 0 3
 65793 5 804 390 804 390 804 390 804 429 804 429 804 429 0 3 0 3
 65793 5 999 390 999 390 999 390 999 429 999 429 999 429 0 3 0 3
 65793 5 1064 429 1064 429 1064 407 1103 407 1103 390 1103 390 0 3 0 3
 65793 5 158 575 158 575 158 575 158 429 323 429 323 429 0 5 0 3
 65793 5 408 575 408 575 408 429 408 429 414 429 414 429 0 6 0 3
 65793 5 771 576 771 576 771 429 771 429 765 429 765 429 0 7 0 3
 65793 5 1019 575 1019 575 1019 429 1019 429 1012 429 1012 429 0 8 0 3
 16777215 5 332 517 332 517 332 413 310 413 310 390 310 390 0 5 0 3
 16777215 5 313 517 313 517 313 414 297 414 297 390 297 390 0 5 0 3
 16777215 5 294 517 294 517 294 414 284 414 284 390 284 390 0 5 0 3
 16777215 5 275 517 275 517 275 319 297 319 297 286 297 286 0 5 0 3
 8421504 5 218 517 218 517 218 318 310 318 310 286 310 286 0 5 0 3
 8421504 5 237 517 237 517 237 318 323 318 323 286 323 286 0 5 0 3
 4210752 5 199 517 199 517 199 320 388 320 388 351 388 351 0 5 0 3
 4210752 5 401 351 401 351 401 319 336 319 336 286 336 286 0 3 0 3
 16711680 5 449 517 449 517 449 390 449 390 440 390 440 390 0 6 0 3
 16711680 5 453 351 453 351 453 318 349 318 349 286 349 286 0 3 0 3
 16776960 5 468 517 468 517 468 413 336 413 336 390 336 390 0 6 0 3
 16776960 5 487 517 487 517 487 413 323 413 323 390 323 390 0 6 0 3
 8388608 5 362 286 362 286 362 307 583 307 583 286 583 286 0 3 0 3
 8388608 5 375 286 375 286 375 307 401 307 401 286 401 286 0 3 0 3
 8388608 5 414 286 414 286 414 308 596 308 596 286 596 286 0 3 0 3
 8388608 5 362 351 362 351 362 319 622 319 622 286 622 286 0 3 0 3
 8388608 5 349 351 349 351 349 319 635 319 635 286 635 286 0 3 0 3
 16711808 5 888 518 888 518 888 316 1025 316 1025 286 1025 286 0 7 0 3
 255 5 1012 247 1012 247 1012 247 1012 208 1012 208 1012 208 0 3 0 3
 16711808 5 907 518 907 518 907 405 1012 405 1012 390 1012 390 0 7 0 3
 16711808 5 926 518 926 518 926 406 1025 406 1025 390 1025 390 0 7 0 3
 16711808 5 945 518 945 518 945 406 1038 406 1038 390 1038 390 0 7 0 3
 8388736 5 831 518 831 518 831 317 1038 317 1038 286 1038 286 0 7 0 3
 8388736 5 850 518 850 518 850 318 1051 318 1051 286 1051 286 0 7 0 3
 4194368 5 812 518 812 518 812 316 934 316 934 286 934 286 0 7 0 3
 4194368 5 947 286 947 286 947 317 1064 317 1064 286 1064 286 0 3 0 3
 4210752 5 1060 517 1060 517 1060 406 973 406 973 390 973 390 0 8 0 3
 4210752 5 986 351 986 351 986 317 1077 317 1077 286 1077 286 0 3 0 3
 8421504 5 1079 517 1079 517 1079 409 1064 409 1064 390 1064 390 0 8 0 3
 8421504 5 1098 517 1098 517 1098 408 1051 408 1051 390 1051 390 0 8 0 3
 12615808 5 1090 286 1090 286 1090 318 622 318 622 351 622 351 0 3 0 3
 12615808 5 1103 286 1103 286 1103 308 986 308 986 286 986 286 0 3 0 3
 12615808 5 999 286 999 286 999 319 609 319 609 351 609 351 0 3 0 3
 12615808 5 1090 351 1090 351 1090 331 583 331 583 351 583 351 0 3 0 3
 12615808 5 1077 351 1077 351 1077 332 570 332 570 351 570 351 0 3 0 3
 10526880 5 635 351 635 351 635 322 661 322 661 299 661 299 0 3 0 3
 10526880 5 661 247 661 247 661 231 609 231 609 144 609 144 0 3 0 4
 10526880 5 661 260 661 260 661 231 622 231 622 144 622 144 0 3 0 4
 10526880 5 661 273 661 273 661 231 804 231 804 144 804 144 0 3 0 4
 10526880 5 661 286 661 286 661 230 830 230 830 144 830 144 0 3 0 4
 65280 5 635 364 635 364 635 320 752 320 752 286 752 286 0 3 0 3
 65280 5 648 286 648 286 648 304 739 304 739 286 739 286 0 3 0 3
 65280 5 765 286 765 286 765 306 557 306 557 299 557 299 0 3 0 3
 65280 5 557 286 557 286 557 299 557 299 544 299 544 299 0 3 0 3
 65280 5 544 247 544 247 544 230 479 230 479 144 479 144 0 3 0 4
 65280 5 544 260 544 260 544 231 492 231 492 144 492 144 0 3 0 4
 65280 5 544 273 544 273 544 230 505 230 505 144 505 144 0 3 0 4
 65280 5 557 247 557 247 557 232 661 232 661 144 661 144 0 3 0 4
 65280 5 765 260 765 260 765 260 765 144 765 144 765 144 0 3 0 4
6
 7170 1 16 278 299 5 0 0 9700 3
 7004 1 14 382 299 5 0 0 9700 3
 7170 1 16 1006 299 5 0 0 9700 3
 7004 1 14 915 299 5 0 0 9700 3
 7021 1 14 564 299 5 0 0 9700 3
 7000 1 14 720 299 5 0 0 9700 3
