Version 0.9.7
5
 4 10 175 77 128 0 1
 5 715 466 206 81 2 2
 0 242 138 877 276 8 3
 3 575 47 203 58 140 4
 1 417 464 206 81 149 5
 1
58
 255 5 71 189 71 189 179 189 179 152 295 152 295 152 0 1 0 3
 255 5 1062 152 1062 152 1121 152 1121 399 1062 399 1062 399 0 3 0 3
 65793 5 71 249 71 249 209 249 209 165 295 165 295 165 0 1 0 3
 65793 5 1062 165 1062 165 1112 165 1112 386 1062 386 1062 386 0 3 0 3
 65793 5 730 535 730 535 711 535 711 535 711 386 711 386 0 2 0 3
 65793 5 432 533 432 533 407 533 407 386 412 386 412 386 0 5 0 3
 255 5 432 475 432 475 432 399 432 399 438 399 438 399 0 5 0 3
 255 5 730 477 730 477 730 399 730 399 737 399 737 399 0 2 0 3
 0 5 586 84 586 84 586 165 586 165 594 165 594 165 0 4 0 3
 255 5 425 347 425 347 425 347 425 399 425 399 425 399 0 3 0 3
 255 5 542 347 542 347 542 347 542 399 542 399 542 399 0 3 0 3
 255 5 620 204 620 204 620 204 620 152 620 152 620 152 0 3 0 3
 255 5 776 347 776 347 776 347 776 399 776 399 776 399 0 3 0 3
 255 5 893 347 893 347 893 347 893 399 893 399 893 399 0 3 0 3
 65793 5 425 204 425 204 425 204 425 165 425 165 425 165 0 3 0 3
 65793 5 542 204 542 204 542 204 542 165 542 165 542 165 0 3 0 3
 65793 5 776 204 776 204 776 204 776 165 776 165 776 165 0 3 0 3
 65793 5 893 204 893 204 893 204 893 165 893 165 893 165 0 3 0 3
 65793 5 698 347 698 347 698 347 698 386 698 386 698 386 0 3 0 3
 16777215 5 606 475 606 475 606 363 568 363 568 347 568 347 0 5 0 3
 16777215 5 568 334 568 334 568 338 516 338 516 347 516 347 0 3 0 3
 16777215 5 516 334 516 334 516 339 451 339 451 347 451 347 0 3 0 3
 16777215 5 451 334 451 334 451 338 399 338 399 347 399 347 0 3 0 3
 16777215 5 568 321 568 321 568 341 750 341 750 347 750 347 0 3 0 3
 16777215 5 750 334 750 334 750 339 802 339 802 347 802 347 0 3 0 3
 16777215 5 802 334 802 334 802 339 867 339 867 347 867 347 0 3 0 3
 16777215 5 867 334 867 334 867 339 919 339 919 347 919 347 0 3 0 3
 7368816 5 888 477 888 477 888 419 906 419 906 347 906 347 0 2 0 3
 7368816 5 906 334 906 334 906 340 854 340 854 347 854 347 0 3 0 3
 7368816 5 854 334 854 334 854 339 789 339 789 347 789 347 0 3 0 3
 7368816 5 789 334 789 334 789 341 737 341 737 347 737 347 0 3 0 3
 7368816 5 737 334 737 334 737 340 555 340 555 347 555 347 0 3 0 3
 7368816 5 555 334 555 334 555 340 503 340 503 347 503 347 0 3 0 3
 7368816 5 503 334 503 334 503 340 438 340 438 347 438 347 0 3 0 3
 7368816 5 438 334 438 334 438 338 386 338 386 347 386 347 0 3 0 3
 7368816 5 854 308 854 308 840 308 840 129 761 129 761 91 0 3 0 4
 16744703 5 473 475 473 475 479 475 479 278 386 278 386 243 0 5 0 3
 16744703 5 386 230 386 230 386 223 633 223 633 230 633 230 0 3 0 3
 16744703 5 646 230 646 230 646 272 412 272 412 308 412 308 0 3 0 3
 16744703 5 412 204 412 204 412 176 621 176 621 91 621 91 0 3 0 4
 16711935 5 412 243 412 243 412 265 464 265 464 308 464 308 0 3 0 3
 16711935 5 399 243 399 243 399 243 438 243 438 243 438 243 0 3 0 3
 16711935 5 451 204 451 204 451 181 641 181 641 91 641 91 0 3 0 4
 8388863 5 451 243 451 243 451 235 503 235 503 243 503 243 0 3 0 3
 8388863 5 464 243 464 243 464 266 529 266 529 308 529 308 0 3 0 3
 8388863 5 529 204 529 204 529 185 661 185 661 91 661 91 0 3 0 4
 16711808 5 529 243 529 243 529 269 581 269 581 308 581 308 0 3 0 3
 16711808 5 516 243 516 243 516 243 555 243 555 243 555 243 0 3 0 3
 16711808 5 568 204 568 204 568 189 681 189 681 91 681 91 0 3 0 4
 8388672 5 568 243 568 243 568 267 737 267 737 243 737 243 0 3 0 3
 8388672 5 581 243 581 243 581 280 763 280 763 308 763 308 0 3 0 3
 8388672 5 763 204 763 204 763 181 701 181 701 91 701 91 0 3 0 4
 8388736 5 763 243 763 243 763 270 815 270 815 308 815 308 0 3 0 3
 8388736 5 750 243 750 243 750 243 789 243 789 243 789 243 0 3 0 3
 8388736 5 802 204 802 204 802 185 721 185 721 91 721 91 0 3 0 4
 4194368 5 802 243 802 243 802 242 854 242 854 243 854 243 0 3 0 3
 4194368 5 815 243 816 243 816 278 880 278 880 308 880 308 0 3 0 3
 4194368 5 880 204 880 204 880 191 741 191 741 91 741 91 0 3 0 4
5
 7004 1 14 614 256 5 0 0 1284 3
 7073 1 14 497 256 5 0 0 1284 3
 7073 1 14 380 256 5 0 0 1284 3
 7073 1 14 731 256 5 0 0 1284 3
 7073 1 14 848 256 5 0 0 1284 3
