Version 0.9.7
5
 4 10 175 77 128 0 1
 5 80 400 206 81 2 2
 0 232 122 877 276 8 3
 1 381 455 206 81 140 4
 3 753 470 203 58 160 6
 0
37
 255 5 71 228 71 228 151 228 151 136 285 136 285 136 0 1 0 3
 255 5 1052 136 1052 136 1145 136 1145 383 1052 383 1052 383 0 3 0 3
 255 5 415 188 415 188 410 188 410 136 402 136 402 136 0 3 0 3
 255 5 545 188 545 188 539 188 539 136 532 136 532 136 0 3 0 3
 255 5 662 188 662 188 658 188 658 136 649 136 649 136 0 3 0 3
 0 5 71 249 71 249 175 249 175 149 285 149 285 149 0 1 0 3
 0 5 1052 149 1052 149 1123 149 1123 370 1052 370 1052 370 0 3 0 3
 0 5 493 370 493 370 494 370 494 331 493 331 493 331 0 3 0 3
 0 5 623 331 623 331 623 331 623 370 623 370 623 370 0 3 0 3
 0 5 740 331 740 331 740 331 740 370 740 370 740 370 0 3 0 3
 65535 5 437 466 437 466 413 466 413 331 415 331 415 331 0 4 0 3
 4259584 5 456 466 456 466 438 466 438 331 441 331 441 331 0 4 0 3
 16776960 5 475 466 475 466 463 466 463 331 467 331 467 331 0 4 0 3
 0 5 870 370 870 370 870 370 870 331 870 331 870 331 0 3 0 3
 255 5 792 188 792 188 788 188 788 136 779 136 779 136 0 3 0 3
 8421504 5 480 292 480 292 480 286 545 286 545 292 545 292 0 3 0 3
 8388863 5 494 466 494 466 553 466 553 331 558 331 558 331 0 4 0 3
 4259584 5 441 292 441 292 450 292 450 230 558 230 558 227 0 3 0 3
 32896 5 571 227 571 227 571 227 805 227 805 227 805 227 0 3 0 3
 8421504 5 428 305 428 305 428 297 571 297 571 292 571 292 0 3 0 3
 4259584 5 441 305 441 305 441 310 584 310 584 305 584 305 0 3 0 3
 8388863 5 558 305 558 305 558 300 597 300 597 305 597 305 0 3 0 3
 32896 5 610 292 610 292 610 220 818 220 818 227 818 227 0 3 0 3
 8421504 5 454 331 454 331 454 343 662 343 662 331 662 331 0 3 0 3
 8388863 5 558 318 558 318 558 324 675 324 675 292 675 292 0 3 0 3
 32896 5 688 201 688 201 688 193 844 193 844 201 844 201 0 3 0 3
 8421504 5 428 318 428 318 428 314 688 314 688 305 688 305 0 3 0 3
 8421504 5 662 292 662 292 662 297 701 297 701 292 701 292 0 3 0 3
 16776960 5 467 318 467 318 467 201 467 201 675 201 675 201 0 3 0 3
 16776960 5 675 214 675 214 675 214 714 214 714 292 714 292 0 3 0 3
 32896 5 727 292 727 292 727 207 857 207 857 214 857 214 0 3 0 3
 16777215 5 870 227 870 227 844 227 844 227 844 292 844 292 0 3 0 3
 16777215 5 831 227 831 227 831 227 831 292 831 292 831 292 0 3 0 3
 16777215 5 857 292 857 299 786 299 786 514 799 514 799 514 0 3 0 6
 0 5 764 507 764 507 722 507 722 370 727 370 727 370 0 6 0 3
 0 5 396 524 396 524 370 524 370 370 376 370 376 370 0 4 0 3
 255 5 389 383 389 383 389 466 389 466 396 466 396 466 0 3 0 4
4
 7011 1 14 539 240 5 0 0 9928 3
 7004 1 14 409 240 5 0 0 9928 3
 7032 1 14 786 240 5 0 0 9928 3
 7011 1 14 656 240 5 0 0 9928 3
