Version 0.9.7
5
 4 10 175 77 128 0 1
 5 243 508 206 81 2 2
 0 216 209 877 276 8 3
 6 547 36 449 130 140 5
 2 621 507 206 81 173 6
 1
31
 0 5 71 249 71 249 269 249 269 249 269 236 269 236 0 1 0 3
 0 5 258 577 258 577 228 577 228 457 269 457 269 457 0 2 0 3
 255 5 71 228 71 228 269 228 269 228 269 223 269 223 0 1 0 3
 255 5 258 519 258 519 258 470 258 470 269 470 269 470 0 2 0 3
 255 5 1036 223 1036 223 1124 223 1124 470 1036 470 1036 470 0 3 0 3
 0 5 1036 236 1036 236 1102 236 1102 457 1036 457 1036 457 0 3 0 3
 255 5 698 418 698 418 698 418 698 470 698 470 698 470 0 3 0 3
 0 5 698 236 698 236 698 236 698 275 698 275 698 275 0 3 0 3
 8421504 5 672 314 672 314 672 347 646 347 646 379 646 379 0 3 0 3
 16777215 5 672 379 672 379 672 379 659 379 659 379 659 379 0 3 0 3
 0 5 724 457 724 457 724 457 724 418 724 418 724 418 0 3 0 3
 0 5 724 405 724 405 724 405 711 405 711 405 711 405 0 3 0 3
 255 5 763 223 763 223 763 223 763 275 763 275 763 275 0 3 0 3
 65793 5 854 418 854 418 854 418 854 457 854 457 854 457 0 3 0 3
 16777215 5 672 418 672 418 672 518 672 518 677 518 677 518 0 3 0 6
 0 5 636 576 636 576 620 576 620 576 620 457 620 457 0 6 0 3
 255 5 636 518 636 518 636 470 636 470 633 470 633 470 0 6 0 3
 255 5 563 63 563 63 563 223 563 223 568 223 568 223 0 5 0 3
 65408 5 802 275 802 275 799 275 799 159 792 159 792 159 0 3 0 5
 65408 5 815 275 815 275 811 275 811 159 805 159 805 159 0 3 0 5
 65408 5 828 275 828 275 824 275 824 159 818 159 818 159 0 3 0 5
 65408 5 841 275 841 275 839 275 839 159 831 159 831 159 0 3 0 5
 65408 5 854 275 854 275 850 275 850 159 844 159 844 159 0 3 0 5
 65408 5 776 275 776 275 776 178 857 178 857 159 857 159 0 3 0 5
 65408 5 789 275 789 275 789 188 870 188 870 159 870 159 0 3 0 5
 65408 5 646 275 646 275 646 198 883 198 883 159 883 159 0 3 0 5
 65535 5 672 301 672 301 672 337 841 337 841 379 841 379 0 3 0 3
 65535 5 711 314 711 314 711 342 763 342 763 379 763 379 0 3 0 3
 65535 5 724 314 724 314 724 351 776 351 776 379 776 379 0 3 0 3
 65535 5 685 314 685 314 685 356 828 356 828 379 828 379 0 3 0 3
 16776960 5 378 519 378 519 378 314 378 314 646 314 646 314 0 2 0 3
2
 7090 1 14 640 327 5 0 0 12988 3
 7047 1 16 757 327 5 0 0 12988 3
