Version 0.9.7
5
 4 93 255 77 128 0 1
 5 718 496 206 81 2 2
 0 265 181 877 276 8 3
 2 431 497 206 81 140 4
 6 421 28 449 130 150 5
 1
59
 255 5 1085 442 1085 442 1097 442 1097 195 1085 195 1085 195 0 3 0 3
 0 5 1085 429 1085 429 1085 429 1085 208 1085 208 1085 208 0 3 0 3
 0 5 591 247 591 247 591 247 591 208 591 208 591 208 0 3 0 3
 0 5 968 247 968 247 968 247 968 208 968 208 968 208 0 3 0 3
 0 5 890 390 890 390 890 390 890 429 890 429 890 429 0 3 0 3
 0 5 734 390 734 390 734 390 734 429 734 429 734 429 0 3 0 3
 0 5 733 565 733 565 721 565 721 565 721 429 721 429 0 2 0 3
 0 5 435 429 435 429 435 566 435 566 446 566 446 566 0 3 0 4
 0 5 154 368 154 368 260 368 260 429 318 429 318 429 0 1 0 3
 255 5 154 308 154 308 253 308 253 442 318 442 318 442 0 1 0 3
 255 5 446 508 446 508 446 442 446 442 448 442 448 442 0 4 0 3
 255 5 733 507 733 507 733 442 733 442 734 442 734 442 0 2 0 3
 255 5 799 247 799 247 799 247 799 195 799 195 799 195 0 3 0 3
 255 5 643 247 643 247 643 247 643 195 643 195 643 195 0 3 0 3
 255 5 591 390 591 390 591 390 591 442 591 442 591 442 0 3 0 3
 255 5 968 390 968 390 968 390 968 442 968 442 968 442 0 3 0 3
 255 5 437 55 437 55 437 195 437 195 435 195 435 195 0 5 0 3
 16777215 5 552 364 552 364 552 364 565 364 565 364 565 364 0 3 0 3
 16777215 5 929 364 929 364 929 364 942 364 942 364 942 364 0 3 0 3
 255 5 318 247 318 247 318 247 318 195 318 195 318 195 0 3 0 3
 255 5 422 247 422 247 422 247 422 195 422 195 422 195 0 3 0 3
 0 5 396 390 396 390 396 390 396 429 396 429 396 429 0 3 0 3
 0 5 500 390 500 390 500 390 500 429 500 429 500 429 0 3 0 3
 16777215 5 487 390 487 390 487 383 552 383 552 390 552 390 0 3 0 3
 16777215 5 604 286 604 286 604 306 370 306 370 286 370 286 0 3 0 3
 16777215 5 617 286 617 286 617 310 383 310 383 286 383 286 0 3 0 3
 16777215 5 396 286 396 286 396 322 461 322 461 351 461 351 0 3 0 3
 65535 5 942 286 942 286 942 325 877 325 877 351 877 351 0 3 0 3
 65535 5 981 286 981 286 981 322 799 322 799 351 799 351 0 3 0 3
 65535 5 994 286 994 286 994 326 812 326 812 351 812 351 0 3 0 3
 65535 5 955 286 955 286 955 315 864 315 864 351 864 351 0 3 0 3
 65535 5 838 247 838 247 838 187 770 187 770 151 770 151 0 3 0 5
 65535 5 851 247 851 247 851 182 783 182 783 151 783 151 0 3 0 5
 65535 5 864 247 864 247 864 178 796 178 796 151 796 151 0 3 0 5
 65535 5 877 247 877 247 877 174 809 174 809 151 809 151 0 3 0 5
 65535 5 890 247 890 247 890 169 823 169 823 151 822 151 0 3 0 5
 65535 5 812 247 812 247 812 184 835 184 835 151 835 151 0 3 0 5
 65535 5 825 247 825 247 825 180 848 180 848 151 848 151 0 3 0 5
 8421504 5 942 273 942 273 942 321 916 321 916 351 916 351 0 3 0 3
 8421504 5 565 286 565 286 565 324 539 324 539 351 539 351 0 3 0 3
 16777215 5 981 273 981 273 981 312 344 312 344 286 344 286 0 3 0 3
 16777215 5 955 273 955 273 955 318 331 318 331 286 331 286 0 3 0 3
 16777215 5 357 286 357 286 357 324 435 324 435 286 435 286 0 3 0 3
 16777215 5 620 508 620 508 620 405 474 405 474 390 474 390 0 4 0 3
 16777215 5 474 351 474 351 474 315 448 315 448 286 448 286 0 3 0 3
 16777215 5 461 286 461 286 461 323 929 323 929 351 929 351 0 3 0 3
 16776960 5 331 273 331 273 331 273 331 273 539 273 539 273 0 3 0 3
 65280 5 682 247 682 247 682 177 666 177 666 151 666 151 0 3 0 5
 65280 5 695 247 695 247 695 178 679 178 679 151 679 151 0 3 0 5
 65280 5 708 247 708 247 708 179 690 179 690 151 692 151 0 3 0 5
 65280 5 721 247 721 247 721 179 705 179 705 151 705 151 0 3 0 5
 65280 5 734 247 734 247 734 179 718 179 718 151 718 151 0 3 0 5
 65280 5 656 247 656 247 656 158 731 158 731 151 731 151 0 3 0 5
 65280 5 669 247 669 247 669 164 744 164 744 151 744 151 0 3 0 5
 65280 5 565 273 565 273 565 321 721 321 721 351 721 351 0 3 0 3
 65280 5 604 273 604 273 604 315 643 315 643 351 643 351 0 3 0 3
 65280 5 617 273 617 273 617 316 656 316 656 351 656 351 0 3 0 3
 65280 5 578 286 578 286 578 315 708 315 708 351 708 351 0 3 0 3
 16776960 5 777 507 777 507 777 405 905 405 905 286 916 286 0 2 0 3
6
 7047 1 16 637 299 5 0 0 12396 3
 7047 1 16 793 299 5 0 0 12396 3
 7093 1 14 533 299 5 0 0 12396 3
 7093 1 14 910 299 5 0 0 12396 3
 7008 1 14 312 299 5 0 0 12396 3
 7032 1 14 416 299 5 0 0 12396 3
