Version 0.9.7
5
 4 10 175 77 128 0 1
 5 100 400 206 81 2 2
 0 246 121 877 276 8 3
 1 352 421 206 81 146 4
 3 738 440 203 58 156 5
 0
21
 255 5 71 189 71 189 71 189 71 135 299 135 299 135 0 1 0 3
 255 5 1066 135 1066 135 1154 135 1154 382 1066 382 1066 382 0 3 0 3
 0 5 71 288 71 288 71 288 71 369 299 369 299 369 0 1 0 3
 0 5 1066 148 1066 148 1137 148 1137 369 1066 369 1066 369 0 3 0 3
 12632256 5 429 291 429 291 429 296 585 296 585 291 585 291 0 3 0 3
 65280 5 408 432 408 432 408 432 408 291 416 291 416 291 0 4 0 3
 65280 5 408 445 416 445 416 355 624 355 624 291 624 291 0 4 0 3
 16711680 5 427 432 427 432 427 310 598 310 598 291 598 291 0 4 0 3
 65535 5 446 432 446 432 446 406 637 406 637 291 637 291 0 4 0 3
 0 5 749 477 749 477 749 369 749 369 754 369 754 369 0 5 0 3
 0 5 367 490 367 490 331 490 331 369 338 369 338 369 0 4 0 3
 255 5 338 382 338 382 338 432 338 432 367 432 367 432 0 3 0 4
 16776960 5 611 291 606 291 606 324 754 324 754 291 754 291 0 3 0 3
 16776960 5 650 291 650 291 650 309 767 309 767 291 767 291 0 3 0 3
 16777215 5 780 291 780 291 774 291 774 484 784 484 784 484 0 3 0 5
 0 5 494 330 494 330 494 330 494 369 494 369 494 369 0 3 0 3
 0 5 663 330 663 330 663 330 663 369 663 369 663 369 0 3 0 3
 0 5 832 330 832 330 832 330 832 369 832 369 832 369 0 3 0 3
 255 5 416 135 416 135 411 135 411 187 416 187 416 187 0 3 0 3
 255 5 585 135 585 135 578 135 578 187 585 187 585 187 0 3 0 3
 255 5 754 135 754 135 749 135 749 187 754 187 754 187 0 3 0 3
3
 7008 1 14 579 239 5 0 0 9892 3
 7004 1 14 410 239 5 0 0 9892 3
 7032 1 14 748 239 5 0 0 9892 3
